GSM2612096	GSM2612097	GSM2612098	GSM2612099	GSM2612100	GSM2612101	GSM2612102	GSM2612103	GSM2612104	GSM2612105	GSM2612106	GSM2612107	GSM2612108	GSM2612109	GSM2612110	GSM2612111	GSM2612112	GSM2612113	GSM2612114	GSM2612115	GSM2612116	GSM2612117	GSM2612118	GSM2612119	GSM2612120	GSM2612121	GSM2612122	GSM2612123	GSM2612124	GSM2612125	GSM2612126	GSM2612127	GSM2612128	GSM2612129	GSM2612130	GSM2612131	GSM2612132	GSM2612133	GSM2612134	GSM2612135	GSM2612136	GSM2612137	GSM2612138	GSM2612139	GSM2612140	GSM2612141	GSM2612142	GSM2612143	GSM2612144	GSM2612145	GSM2612146	GSM2612147	GSM2612148	GSM2612149	GSM2612150	GSM2612151	GSM2612152	GSM2612153	GSM2612154	GSM2612155	GSM2612156	GSM2612157	GSM2612158	GSM2612159	GSM2612160	GSM2612161	GSM2612162	GSM2612163	GSM2612164	GSM2612165	GSM2612166	GSM2612167	GSM2612168	GSM2612169	GSM2612170	GSM2612171	GSM2612172	GSM2612173	GSM2612174	GSM2612175	GSM2612176	GSM2612177	GSM2612178	GSM2612179	GSM2612180	GSM2612181	GSM2612182	GSM2612183	GSM2612184	GSM2612185	GSM2612186	GSM2612187	GSM2612188	GSM2612189	GSM2612190	GSM2612191	GSM2612192	GSM2612193	GSM2612194	GSM2612195	GSM2612196	GSM2612197	GSM2612198	GSM2612199	GSM2612200	GSM2612201	GSM2612202	GSM2612203	GSM2612204	GSM2612205	GSM2612206	GSM2612207	GSM2612208	GSM2612209	GSM2612210	GSM2612211	GSM2612212	GSM2612213	GSM2612214	GSM2612215	GSM2612216	GSM2612217	GSM2612218	GSM2612219	GSM2612220	GSM2612221	GSM2612222	GSM2612223	GSM2612224	GSM2612225	GSM2612226	GSM2612227	GSM2612228	GSM2612229	GSM2612230	GSM2612231	GSM2612232	GSM2612233	GSM2612234	GSM2612235	GSM2612236	GSM2612237	GSM2612238	GSM2612239	GSM2612240	GSM2612241	GSM2612242	GSM2612243	GSM2612244	GSM2612245	GSM2612246	GSM2612247	GSM2612248	GSM2612249	GSM2612250	GSM2612251	GSM2612252	GSM2612253	GSM2612254	GSM2612255	GSM2612256	GSM2612257	GSM2612258	GSM2612259	GSM2612260	GSM2612261	GSM2612262	GSM2612263	GSM2612264	GSM2612265	GSM2612266	GSM2612267	GSM2612268	GSM2612269	GSM2612270	GSM2612271	GSM2612272	GSM2612273	GSM2612274	GSM2612275	GSM2612276	GSM2612277	GSM2612278	GSM2612279	GSM2612280	GSM2612281	GSM2612282	GSM2612283	GSM2612284	GSM2612285	GSM2612286	GSM2612287
KLRG1	6.474215075	6.387243636	7.186119636	7.341338663	7.318992253	7.236333054	7.62163661	6.598267877	6.795465101	6.614707864	6.099971375	7.520213898	6.044416353	6.035330444	8.078600885	6.760081389	6.588474313	7.242320578	7.017175023	7.182699999	7.235943136	7.223340759	7.299533034	8.284447508	5.543514653	7.375467848	6.306304768	7.37969409	6.940516246	6.871747403	8.013237127	7.873011655	6.881902612	6.954543563	7.99465865	5.816662172	6.945233977	6.770385124	7.563049693	5.57116342	6.473303455	5.670778422	7.453640464	6.901120052	6.324334558	5.329543535	5.195143896	5.861061413	5.622333036	7.108855213	6.220473374	6.394485303	6.945570128	6.571140774	7.37500418	6.263575309	6.453797389	5.597760306	6.888394891	6.933607339	7.034217759	7.517461902	7.266787054	7.34008194	7.28372583	6.575330772	4.478900095	6.566751457	7.688970962	6.937130295	5.986074034	7.224572906	6.895274498	5.795349116	6.743314193	5.53769731	6.442060642	6.329774651	6.519698241	6.778699331	7.124870938	6.18629435	6.155583308	7.478732042	7.144774808	5.985327441	6.440296579	7.287147293	5.829113207	6.515207572	5.089232442	8.118341501	6.555418913	6.769378568	6.124580475	7.406395459	7.36599810194933	5.86702137200175	7.35936349209002	7.14183778477494	7.2187217959251	7.25207470353501	6.62206611699045	7.14998138950839	6.90091620504222	8.21641359155631	7.82446772831507	7.19480273777909	7.45404225812646	6.68706433725475	6.25314009160174	6.27580946512485	6.53606199613777	5.29440959451256	7.18241113385328	7.42382690178909	6.83418696032935	6.87829696621057	6.67060596963393	6.03884889596905	6.53207447920157	5.88069674297274	5.73455592742669	8.26384724193205	7.53913784947629	6.64465004668929	6.85018916525737	5.05352905485265	5.61212701070025	6.68865836770328	7.15153948612081	6.71425565649997	5.11603639596622	7.14733107633741	7.89329770226434	6.5014135054539	6.26148133633872	6.64068143870966	6.83357852639676	6.783919389694	7.70449441185161	7.04040550733597	6.73859990952765	7.60663688401306	7.41531569093555	7.22975737515157	6.58884872820708	5.7666583916913	6.78176789290934	7.12937150001894	6.39785932512559	8.19018080822169	7.56579863339976	6.71742585457982	6.51162033917264	5.9046198304156	7.02230812610579	7.52845752501662	6.95473847204524	6.43651631455304	6.89521316233418	5.39784094400032	7.64259892813664	6.85258536439713	5.22902658471987	7.07396450981587	5.02922656911694	6.34635611224302	6.29730455774448	7.18180222493899	7.51056885191353	6.56479224511508	6.57403337581284	6.80898229253147	7.09518976512061	6.75742480620029	6.46909304780707	6.44251679115946	5.77194354633344	7.06465604722766	5.13842582850774	5.60762172312724	6.50985443462541	6.38618501853166	7.28307151977796	5.78480441482511	7.10960003821874	6.54072559102003	7.22380353745066	6.26980444654403	7.40323647801862	6.72568351193903
KLRB1	9.672519741	10.17804065	10.4189969	10.41486081	10.17181039	10.29452909	10.26147652	9.78552458	9.860843198	9.972413647	10.04917259	10.02891825	9.673741886	9.93998778	10.71648029	9.894078525	10.34096764	9.635890878	10.39583898	9.856158454	10.42825378	10.82484108	9.467775147	9.161314942	9.588182849	10.46432752	9.114472392	10.73411926	10.03593812	9.987857063	10.44740643	9.88375659	10.01703415	9.525782294	10.30427728	10.28835284	9.773842678	9.999162791	9.689156496	9.457780975	9.564231289	8.707993903	9.852054596	10.59628341	9.570978281	9.51666272	9.539398617	9.439708604	9.681006535	9.848255749	9.396916637	9.514067092	9.997680054	10.039905	8.46936585	9.937647068	10.45536879	9.481424363	9.752809136	9.67026325	9.48033638	9.708847602	10.0658088	9.73052567	10.64462518	9.458051287	9.065159352	9.143254868	10.3451257	9.400925801	9.515191516	10.13777589	10.29591909	9.236857913	10.16503452	8.925311359	10.2029974	9.281560176	8.767824016	10.08902739	10.1364936	10.04280596	9.202201588	10.27974783	9.722522325	9.755489493	9.428332523	10.17068887	9.471412928	9.488054624	10.65708741	9.626812725	9.19335139	9.781923974	10.43008473	10.22230709	10.3013980546092	10.1148731641379	10.5134600646238	10.1734771466777	9.95708642412152	9.86695296427454	9.71582263819767	9.31367027319998	9.33076396536618	9.25315667258694	9.84764638170636	9.77409543166532	9.99107808859078	9.82948343487781	9.74704363932778	9.8090376722608	10.5661744370003	9.31900011568561	9.62381009705327	10.0081636785346	9.63696636445111	9.50673730127739	10.2009515554621	9.51868929197543	10.1393547121145	9.48384669770103	10.1393144972289	9.86717724320568	9.77169021376215	10.2018831520924	9.14767810267812	9.54670474510652	10.2272688410215	9.97850320014203	10.5814671972629	9.62961492036515	8.5850636037688	10.0937004708241	9.54040659781115	9.92766657659984	10.0428736540873	9.2123543499895	9.05901863660844	9.80432364865391	10.0637646243342	10.2546728768634	10.1537013501022	10.4553695382954	10.5916298909245	10.281042458734	10.1395900449015	9.26543392499086	9.99834669720999	9.81024327643551	9.4168647856425	9.93132912410992	9.79816385413289	10.1608010675605	10.8254378197154	9.51994089335965	10.6499829575338	10.3457739980421	9.72197464076247	9.57683589229475	10.4361355191037	9.10629674896401	9.66638553457495	9.69057732986135	9.42034482680824	9.53802329806815	8.88241049449723	9.23483596488719	9.6260366070137	9.05098131749356	10.5508820957467	9.08503150853844	9.6091809578391	10.1827843437208	10.3733187305002	9.05074315977331	10.2432164331204	9.97513080637359	10.1358026526685	9.59559775221603	8.88109669284085	9.21891409955514	10.388125141668	9.9096497597659	10.4387587553598	9.68645581027645	9.79635446200982	10.0466085305283	10.4601946461709	9.64667952532708	10.8913555341509	10.4552878714501
SYTL2	6.110307862	6.290348554	7.259179598	6.374176684	6.464337996	6.227468184	7.08693443	5.951664712	6.496270518	5.878401639	6.27766021	6.260005073	5.927210653	6.483877867	7.12333226	5.970677402	6.937215798	6.133002141	6.898584665	6.759558511	6.231370948	6.857870865	6.862655136	5.603037401	6.271664539	5.223843902	5.458115158	7.358636431	6.573880353	5.482187901	6.134756648	6.860782394	5.835457916	4.38143534	6.539628262	4.724030639	6.209797692	6.067984095	6.665464557	3.546037793	5.681868688	6.256559643	5.749698754	5.656773162	4.966082972	5.352550457	5.669987825	6.275425531	4.88250686	6.599630476	5.477573473	5.678243587	6.206072277	6.413354277	5.985730872	6.069023842	5.643861246	4.969859696	5.988890343	5.773773075	6.05463447	6.78942495	6.045106401	6.206728746	5.761544162	5.356112876	4.346914298	5.592682276	6.988440727	5.559691747	4.987627489	6.368027556	7.397762266	5.131433615	6.074086864	4.531491497	6.345817276	5.221837319	4.947624437	5.134843278	6.503538107	6.029884376	4.833215752	6.675949186	5.819383178	6.37974618	6.146419101	5.813833854	4.886445775	5.711148205	4.747494957	6.442487371	5.22620068	7.025608116	6.847771197	6.876100343	7.37376603094319	6.54047422024623	6.962420681871	5.83138382194839	6.7031808212014	6.69406372983326	6.33477547634831	5.50738852826321	5.54282724842931	6.22999732900792	6.83358015089221	5.82015684665846	7.18785640830364	5.54371005076073	4.92514949343058	6.6457042570433	6.64460106077587	5.54674661035468	6.71040996020883	5.9518084297388	4.42785064498488	5.51636443471968	5.27146959901162	5.4946508468087	5.7769206585174	5.04404176135495	6.58400966894379	6.75957029393485	6.11481086529002	6.40904922402287	6.1634864588919	5.78147450158761	6.19917047392408	5.89766209040007	6.45153319154716	5.75444430493786	4.48842376768661	6.19132340900244	6.24519514183516	5.57264068070361	5.33198609795552	6.32537769306188	5.24722443402088	5.89193542953264	6.99021331240618	6.53744328228716	5.85515251221863	6.0946496644333	5.99724943910924	5.65282331177155	6.86253773945313	5.51385714064778	5.26487501129939	4.93512049957426	6.30846905944861	6.78105762908624	6.00039438786925	7.18697876289988	6.94473048277519	5.13247182366478	7.03284064528805	6.39171457097005	5.82356936680686	5.95690392557816	5.73202136097045	5.4709859273124	6.50983491119976	6.63780177649928	4.34808080994642	6.27426816296548	4.18808729701017	5.76796260216957	5.83598744518272	6.71910630397111	6.78488107354166	5.43612963585548	5.91972145089396	6.61934324177775	5.86202972217139	5.51476953197644	5.31204967546162	5.11145188520226	6.83314677238308	5.63801023021208	4.88363865591419	4.75374884175083	5.94218938864445	5.56212620730443	6.32985249970445	5.39168409764871	5.96676439072791	6.03191508345015	6.25892761654695	5.90793446324258	6.87459876831663	5.97767657101625
IFI27	5.848297615	5.369550985	4.940252132	7.502728953	4.853566109	4.743535381	4.847004742	5.719139671	5.101684527	5.275328293	4.206811318	5.26832226	5.173749087	5.088840771	4.119836423	6.855374783	4.559519054	6.309498244	6.025934683	6.311243089	4.843895273	5.663082728	5.664243533	5.709916883	5.081639374	4.510539047	6.883265844	5.288196782	5.380513676	5.439982855	4.688233309	5.440896525	5.519861008	5.056298057	6.612243798	4.38972924	4.959728667	5.313403107	5.138094768	6.79771147	5.426249606	5.253555415	5.79951182	5.518144817	6.313944145	6.102706242	5.287417426	6.494992868	5.220154497	4.495012137	5.317576657	4.863934032	5.737200336	4.708277969	5.747000743	5.270194852	5.533219838	5.285260724	6.532768537	5.689777721	4.458713225	5.955944888	5.676776841	5.320869769	6.004926819	5.071957859	5.479185118	5.040560906	5.212037669	5.588597014	9.341495106	5.121385205	4.67272973	6.310479158	5.128250265	11.62323843	5.358742487	5.123443553	5.968782749	5.685707278	5.90470758	7.150280475	4.975248532	4.829761312	5.227295093	5.318115871	5.336441133	5.415209449	5.659859275	5.122316806	5.464042491	5.590942964	5.50763187	5.061901239	5.204745477	4.814505634	4.94947094188842	7.8190567603325	5.10072752081336	5.22971404560526	5.23755932389308	4.83588293044266	5.69349989664318	5.49750983041105	5.79405834742406	5.6855703186329	5.29567813028781	5.32359487190215	9.20945963238396	5.0883680165118	5.44795375326955	4.70521556931854	6.04932836657262	5.20301902960257	4.85633599398558	4.99482835491754	6.2446081585922	4.98696048911478	4.85675909234507	4.90243100175379	5.33748596467231	4.84302232929924	4.73706682976259	5.39037564700286	5.19308144484637	5.09395400536177	4.79937850809689	5.24987144063603	4.75422963414501	5.67653401314088	5.5220139988737	4.80642173404971	7.73838762234369	5.26107656840855	5.11443466676771	5.49998209102711	5.35641788432623	5.07596586260439	5.34785606666287	5.14776148070392	5.03314879585512	4.50111243046156	4.89171362817808	5.27072969608956	4.71984303004282	5.35301000842983	4.72228737774469	5.16320062692481	6.54147666940999	5.19470298311902	4.70129963819553	5.79851821548917	5.53134549900727	4.92639261677642	5.33851222055535	5.53284399375101	4.8196233023166	5.78832879953113	10.5483701098251	5.11710685088271	5.11237214501459	4.97336197399711	5.5816595284629	5.61826275302756	5.27880957956131	4.61646477432396	8.069612826305	5.48190052427608	4.93672409856264	5.30426171436333	5.47488458153015	8.34290905232294	5.36363681129852	5.30239379159035	5.36511880197961	7.66734954979813	4.92701607391034	6.6040970447101	4.98290765150242	5.21469173028104	4.79265408208138	5.32666208088216	5.16635421237178	5.05181967883863	5.18765373270296	8.54715352923125	6.93394461276025	6.16173349658257	5.69872191032846	5.56438328783915	6.09300677999721	4.84793462207484
RSAD2	7.045710787	6.854534945	9.646790189	11.69239267	8.75982848	8.486358194	7.56339303	6.68634482	7.644042845	7.308446403	6.824124368	10.03258623	7.633362417	6.500990425	7.548373155	8.34007903	8.020470372	9.074021353	8.089382238	12.24783115	7.313964969	9.076881545	8.077553269	8.07803564	6.861863217	6.377481696	7.906796588	7.993868018	8.174548143	7.94037771	6.372093134	7.832940893	6.9388394	8.102980317	7.87241499	8.662719242	8.158023563	7.035347507	7.755993783	8.380423096	7.683034651	9.596710493	7.886029357	8.066234799	8.704031429	8.338690939	7.529214095	11.18118978	8.44444491	8.410346537	8.148617982	7.660101426	8.351438591	7.179651534	7.697333232	8.158128689	8.231842822	9.971318214	8.099537258	7.688718014	8.860895004	9.021330211	6.106252223	8.370435412	8.156432209	7.230706369	8.019671319	5.969803973	6.880361772	8.062948266	10.68071916	6.945873172	7.069112466	8.983053149	7.251577368	11.72454919	7.837385624	6.806091809	8.45243061	9.401389065	9.066470387	9.982028722	8.129560924	7.407075899	8.283073098	7.323326432	6.887362598	8.143152827	9.750403024	8.745041072	7.381618385	7.510521729	7.422391429	8.813818544	9.249145923	7.452679112	7.41802704070428	10.7854242010581	8.37281467852693	8.09587036609081	6.80428178567584	9.08860658355835	7.38332344057217	9.98002099443241	11.591864231038	10.3967273073171	8.15206362418665	7.84719607688761	8.83007925464199	8.17975392755005	7.67189687383065	8.24451765921099	8.74687973854632	7.02554715518824	7.06401218081594	7.66912079315961	6.98012003259401	8.15532928061764	7.29922526694452	6.76000406224775	7.48647135423118	6.88886025356491	6.97483958008251	6.7902681060979	7.14393311085942	10.6967399008106	7.80804395974894	6.83932466848232	7.39093807336718	7.64001315691659	8.70403807758018	6.62071546677408	7.94689818979866	7.24385548829616	6.83624311371418	10.0817743107895	9.41550948447841	6.56691883450607	8.7056156863919	8.11315459168096	7.6622121756558	7.84280304110456	7.88519822504504	7.95814920856911	7.19455594848233	7.58502800966026	8.91141036687724	7.31323284722444	9.2656345502339	6.54768665318926	8.00235118409761	8.63947987036862	7.30864605349046	8.11291163651627	8.51351225802632	8.18359882886974	7.34681510050833	6.73287617328635	9.74858681408322	9.42831063325945	6.95188305351608	6.90721527187818	7.64435988578021	6.53364222602462	6.86471966412771	7.64744773116112	11.8281340901246	8.72737357245826	6.93731044396577	10.3915244601545	8.13074885481852	9.76380661098002	9.30429268360614	8.82202800067339	10.4461441129693	10.3903642638332	8.61797022857633	8.68816756066701	7.25252080835738	8.24911170300555	7.32733000839277	7.91307496373835	7.97692103698821	6.68453144965593	9.00638701350952	10.4249626759132	9.37128440352124	8.85931331247347	7.15166721081751	7.73084244829486	7.90905927630804	6.20415437102671
OLFM4	8.571709951	7.072648559	4.083762212	4.386512147	9.882206189	7.639306631	7.124772163	7.428907649	7.538387506	6.566437449	8.192154887	6.55554927	9.303365811	6.360984695	6.970956762	10.17255704	3.933309971	3.493524774	4.022754347	5.056812539	7.546880009	6.914916247	5.595522745	4.551703458	7.107624227	4.505168847	6.956394376	6.105257162	3.640058179	6.712617808	4.641243864	7.105223042	3.585432583	4.575762221	8.789603553	10.93456739	4.45295427	6.527222704	7.166165466	4.582886661	8.635650203	7.035136453	10.53361798	6.792212959	8.890722859	6.815905392	8.376154797	5.15882354	4.955489608	5.867704238	6.556377197	6.689899815	5.637774085	4.092107559	8.859585618	7.252350031	5.767013861	6.234943048	8.307262539	8.799738561	8.168666625	6.962183096	4.598047995	4.270799613	10.03573054	9.395958541	7.796753012	8.071172353	7.968579637	8.385990438	8.118910015	5.052868576	6.194619301	7.775990718	11.53789037	9.182195982	8.875237465	11.5891035	10.13321069	8.747493159	10.92404075	8.547785815	8.32748132	9.626803437	8.701708976	8.255236267	4.742554407	7.538365703	10.07288066	7.981205262	8.031107303	5.368315778	9.768905455	8.083957828	6.082410772	9.311637864	6.04451862947057	7.63581160138082	6.12306982483294	7.70347625696802	7.52452961672832	7.42238476502195	5.13350694423663	7.63861883386986	10.0102901736352	5.80304197584026	9.02019957677822	6.90756835118965	4.96211909265957	10.8449075718168	7.83295390006335	3.87115731181031	5.24510731035556	10.3543951122259	5.65630036894674	5.95756004286538	8.60624526270959	11.2190209232684	9.96292849776739	7.76117678520018	9.3102112460118	3.84849822024133	7.45673605805963	5.78228665995004	6.88911367633184	7.18260294240796	6.89781163630132	8.02752477765865	7.21392115894009	6.47795054191753	5.12995497956038	7.17006864201405	12.264830571566	7.89200063423562	3.95939360594702	7.64948325763966	10.1338917097558	8.0156987596641	6.88205266075844	9.77823892248288	5.95571143550526	9.4618718908353	7.13218420179636	7.8423646103706	3.86270248650223	4.04665569872619	6.43098773994742	5.63264396559429	6.59813379454266	7.13519738293726	4.14530386997477	4.29180530344752	4.39853018981862	8.40121285554948	10.0109270137703	4.42868221068076	5.51254215764643	7.61900474464106	8.04524504906423	9.89374617680158	7.70084426341091	10.0185820588506	3.95243266498225	5.3539359965158	9.30331736584711	8.61725582760024	6.78632016502579	6.67619434723106	9.465179871755	4.00477407783851	10.4625999297599	9.67041103089597	8.1329556401203	9.30674690785192	7.00424640498893	7.63005000994053	5.82447649209413	5.29000374238634	7.1832262876176	7.54426283475542	8.98867833619753	8.50889637419633	6.91769966752509	3.55646426311779	5.60517683220263	10.0013986968801	7.7804912518005	7.40182697186601	5.43618413056399	4.0437923591299	8.44387346005025	6.87967435801917
TNFAIP6	9.448074379	8.95533969	9.712218846	11.06174135	9.094312723	10.2460559	9.680833529	8.110977998	8.82409195	8.845565121	9.794433832	10.30754455	9.425599432	8.238630603	10.23130304	10.22892323	9.282716277	9.758388894	8.04006389	10.8303542	9.819513767	9.064416972	10.36848868	6.75017028	9.912460742	8.240540163	9.088294926	9.649851542	10.09081902	9.302743402	7.451800635	7.058122949	9.178099794	9.563654135	8.8273366	9.555838277	9.261364464	9.531468969	8.516625365	9.85328145	10.31217752	9.797723925	9.431807607	8.918779762	9.745586111	10.32216892	9.344799512	11.07697082	10.05069549	10.62860263	9.527906899	8.557349766	9.450386868	8.134217449	8.313696842	9.295319631	8.940698241	9.832724209	9.144539063	7.728946619	10.0305896	10.12166415	7.153263414	8.468148747	7.4209784	8.218761284	9.693973253	9.120748402	8.479762154	9.376553984	9.319274362	9.070276051	9.364027611	9.959176327	9.931353848	10.39880705	8.642580039	10.29916616	10.60426335	9.46337201	10.22810841	10.26786608	9.734590043	8.439776936	9.539029669	9.430004093	9.440291669	9.838310959	10.82023314	9.362059028	11.20468124	8.15467562	10.07703888	9.466322036	9.399755539	9.423593006	9.33615653409011	10.0896452367728	10.3169307867083	7.43144552628441	7.15912559240063	10.6208734328826	8.69535807688162	10.1960128876279	11.1376825916659	9.63000509527557	9.17338056410249	10.264554250947	8.24550075129222	9.81884020030767	9.08999395827104	10.058505536223	9.6807896453548	10.4833585810973	9.67878548836787	9.98026473302395	8.73369817673439	9.70101421389218	9.54159818095384	8.07665122356586	8.81786844167694	8.43767207796931	8.36613092133448	8.54170916553323	9.0151361648794	10.9778633589486	7.88877770621857	9.65107178620693	9.24291618775405	9.72559390433983	7.52882019538129	8.94354060686297	11.0669039303239	9.86651101345526	8.76036463234739	9.69273680368175	9.59373616431584	8.00902950632947	8.79719594653015	8.91941448940662	7.90670859790948	8.34509025556067	9.3246858470312	8.07159389661351	8.92497717003477	8.18309401974166	10.1969335058701	9.56255206292926	9.91897247346591	8.07311091678135	8.87957801438524	9.10078220509521	6.23081774150263	10.0404673715337	9.34346875678694	8.49555684622609	8.80491046683754	10.2515224305872	8.8442319511546	10.2336109118932	8.39620112108195	10.401690847016	10.3792869087643	8.67816454815323	10.4885568728772	9.34524332290494	11.5151711019823	9.43031033021568	10.2581532406919	10.1122240756572	9.94326385161576	9.5734973329257	9.95064803210247	10.5668447581474	8.8584115984668	9.65295784252749	9.63846550453771	9.36908356757789	9.25596067220341	8.55697678156551	9.97163995386483	10.3245238377485	10.0513244619023	9.75014510989888	9.19914316954459	10.8921276174178	10.0786533067279	9.50144051250271	9.44986987720061	8.27726891700482	9.5403370017228	10.3489692988104
CAMP	7.613024411	7.641981236	6.745797669	7.436588824	7.766635734	6.952902076	7.781590562	7.158010879	8.030585995	7.581661758	7.699909631	7.692044829	8.282318441	7.2837065	6.886372568	8.969395453	6.516836511	8.277475938	6.12439028	7.268956124	7.937139374	6.805466617	7.170149473	7.391801798	8.212761667	8.227295553	6.928543108	7.556730226	6.737424668	7.700738569	5.713292846	7.420141455	7.085700461	8.249744764	8.536862162	7.92590069	6.582412673	7.474856945	7.79262855	6.611218932	8.306576595	7.952476563	8.769069298	8.355013904	8.195605353	8.312619261	7.801670872	6.866405187	7.38183504	7.058690339	7.53248001	7.434759859	8.516484747	8.293921715	8.514787553	7.54647634	7.560655425	8.211443458	7.381742065	7.95778776	8.204482428	6.491424618	7.977336011	6.862995023	8.686115866	8.989318428	8.226289148	7.445067479	7.874023836	7.533979537	7.506294921	6.765430304	6.446241496	7.181277257	9.343344478	8.803652296	7.423393521	9.769610374	8.701425523	7.351895666	8.396822662	8.703551417	8.742862348	7.988469887	8.052966927	7.571221062	7.238708293	7.012400493	7.885365775	8.042862502	6.935707256	6.531264823	8.056255093	7.347169742	6.888765879	7.605361895	7.54747188658542	8.15013766827439	7.76218537003118	7.28380551478253	8.23806006180747	7.278351780635	7.5772169909829	7.79084051317366	8.0863239887084	7.91498070377758	8.04057831164615	8.24248906008823	6.33788916548768	9.37067217560428	7.09691918318951	7.15725420454568	7.79688222738577	8.50649714194447	6.76509892700187	6.55533973772783	8.22104919542925	8.20068554375246	8.58982877162543	7.74464431620799	7.49683235578711	6.89227057089244	7.27349269346923	7.65961123687363	7.44474780504892	7.95709743461346	6.98555191579035	7.07176933959299	8.20525813480946	7.80896792626425	6.48524177400283	7.15825605804124	10.1290139030856	6.87861630935702	8.05099281929291	8.05706086925846	8.327811203846	8.68181989126177	7.50081355922755	8.36290704566362	6.15818957871701	7.55338397213503	6.82714551708775	7.90417808050339	7.18653216384777	7.60159619700886	7.60729620200698	7.10515848955772	8.82818219232969	7.86031117422246	6.98100345768668	6.6437294771363	7.04537020416703	6.87462071371842	8.00089176120771	7.8657803416167	8.27813128684211	8.13957348782955	7.72220301429064	7.70747732124819	7.1658434358713	7.21844973570714	7.22200177840234	7.57418576943746	9.53423451986241	7.27839030559461	8.63580725934104	6.65224148937137	8.93398525373249	7.56453403973133	8.10676441426794	7.9473560825684	7.40706078189083	7.49609328374662	6.7620939615166	7.90915230017014	6.20821801778452	7.42192675678231	7.10853872729851	7.83921203437519	8.5102354025849	8.2514471532191	7.87785380951179	7.409066625251	6.71909198164906	8.44180910729186	8.52808433472202	7.33570657122362	8.26163060046622	6.46611642744686	8.15488879274164	8.03872098319368
SIPA1L2	8.671327626	8.787139753	7.808836777	7.746776823	8.038225517	8.777846574	8.36707855	7.576119758	7.961826664	8.447304675	8.420173489	8.306376133	8.628180775	6.912076519	7.836858901	7.87483554	7.706070493	9.410654093	7.014057088	7.461638321	8.062042947	7.293187939	7.581039856	7.126807612	7.887937589	8.13426752	6.768758117	8.141259157	8.694792967	9.104329791	6.746406418	8.281666676	8.621852882	8.251163721	7.767630809	8.248523509	8.548830994	8.11052475	7.735166802	7.98323646	8.570808966	7.973873328	9.285509073	8.029081805	8.746993519	8.441487168	8.383625419	8.46638102	8.628654018	8.925394156	9.439425653	7.518181202	9.049508471	7.709786248	8.60420081	8.497267105	7.802744278	7.419261717	9.022455408	8.363846592	8.851896876	8.082572639	6.142116611	8.038394009	6.341726629	8.738605612	9.642410864	7.893212218	8.160325846	8.36102146	7.607988137	5.738300042	8.336345751	8.213531642	8.705228206	8.205108305	7.74497377	9.634543222	9.006032599	8.785845713	8.205580014	7.969928953	9.34582485	8.052581072	8.302253528	7.913075154	8.51800661	8.847156324	9.288189149	8.107873296	9.050053842	7.877825121	9.078684937	8.482565671	8.157044063	8.229987353	7.24321038492756	8.20425645869753	8.14525323431108	6.75318295386833	6.52944793368286	7.7232164068796	8.1908398825534	7.84019518772795	8.9580064327017	7.82110660452219	7.34902926974276	8.82072800613744	6.96065656200706	8.92357199291323	7.78714570542768	8.10626079302408	8.15632767482727	9.38719467800551	8.7186984814959	7.84642792059807	8.0903739741543	7.52761786247839	8.70237536182336	8.66960509023719	8.27244519402923	8.33561424129664	7.12758245929782	7.72964134685629	7.98554391914655	8.33318155812966	8.65072856434029	8.84162921045282	8.44598049507188	8.95254319109917	7.30579747479416	7.94764473002573	8.35129212497324	7.60743660643803	7.84735471320078	8.63406796997753	7.01890809986913	8.2270929857031	7.55915031181274	8.62106834743025	7.36290662679131	7.25268807883455	8.8090249325795	7.38481026935174	8.03868772403133	8.4035261440911	7.10093890864737	8.28787650242325	9.3219205429841	7.52189966171031	9.15356420624751	7.97931300504386	7.17449183893869	8.96641938108227	7.87240019159293	7.96644664107404	8.65731577006388	8.20845732237156	7.77278620946649	8.00452910829831	8.46375451270952	8.27941358160735	8.56198911315463	8.80497069807848	9.55190398465997	8.86627272388138	11.2216815039298	8.1817450628636	8.4610870575807	8.74100473822176	7.76853449371342	7.81778529411686	7.41119271574228	8.73075546173637	8.00207603349225	8.99665124746669	7.80651573746404	7.99697725181892	8.83198734157813	7.82309204213634	9.60733292178237	9.47294913507205	8.77436322259056	9.01435061927124	7.40710005567831	8.40963731391716	7.3514389508573	9.28691484894146	8.05486991981449	7.83719695807945	8.34379945611512	8.12593996901737
DEFA4	6.704299824	6.537145851	5.061618286	5.23448804	8.309957943	5.247720366	5.950092984	6.966887842	7.447603995	7.250492381	7.574538177	6.527697179	9.211954361	5.499678723	6.934281442	7.947732548	4.459759755	6.444141602	3.681947672	5.673846037	6.885830462	7.785096682	4.583612919	7.794689859	5.899888317	5.839699063	6.061331541	5.214822636	4.617175055	5.897089006	5.037302956	7.369380104	4.649234058	5.346918214	9.992800264	8.291142367	5.840387928	6.85102349	7.057576397	6.980633266	6.815641626	6.963657599	10.04797059	8.903306608	9.729910604	7.619257473	6.899001098	5.212733869	5.949691563	5.633931154	4.992559749	8.314827398	5.635140359	7.590703059	7.572750166	6.907717585	7.292114685	5.914933548	7.472127822	7.316000009	7.849945342	6.336554697	5.838807756	4.851006303	7.317194202	9.206379693	6.865276057	7.780082761	7.657007879	7.466612682	5.709950584	4.60760218	5.870041479	6.294631172	10.47439096	8.872886747	6.135603349	9.587615599	9.763347798	6.061700682	8.538120123	7.985904058	7.144345482	7.99632683	6.698339098	7.21441842	5.26631546	6.837846821	9.10944768	8.775093004	5.306689238	5.557944842	8.457063428	6.39873051	6.188037172	8.280504452	7.79033788847374	6.38146118188444	6.31543756418148	6.71274168610417	5.65327869566686	7.50040281147698	4.73522055445986	5.70614280281343	9.48918951326942	6.98041468975077	9.71753188970841	6.34365798319116	4.04011865900108	10.0616833304969	7.75912866915836	5.75332123167076	7.43206686821749	8.96942728739127	5.72066129249506	5.87483160513685	6.8011774407548	9.79314315507086	7.99444351987159	7.9175091816538	6.97100047037662	4.25212081090549	7.92709922757257	5.63134673427879	6.58837533976108	6.90115087434413	7.04188526023166	8.68007589613587	8.58413599273182	6.08027025901035	5.94551148075322	5.91016147609927	10.0225593253831	6.90963049900658	5.1660675208004	6.22834485786937	8.70863543260152	7.46602078472953	7.72606011055709	9.2594672007342	4.20337112600597	7.15812514436003	6.28640548046336	8.16983888649139	4.0142647386296	5.61517500933925	5.62482101850788	5.16627448418381	7.61467710927235	7.67176276981975	3.99830731721498	5.87955667858458	5.48541205224363	6.84740806054402	8.66605979474275	4.98514321094663	8.50598721598763	6.24914722980022	8.25569805157579	8.38848833628511	7.28199031170092	7.95124577194612	6.3816438972897	5.78339782482586	7.47346420815786	7.89043242418052	5.68209332227886	5.09291495145909	7.30268733657568	4.3636075772579	9.146055058808	9.08301445149783	6.83842060656018	6.58724955330632	6.79818373277567	7.73924169408018	5.68328029012476	5.87581493820238	5.86855620973387	7.55005660425247	7.71418305203338	7.25211277480128	5.56407336760774	5.30845545404635	6.18876780915757	7.68742195111966	8.22169217844545	7.91227864620047	7.77535826743387	5.85619501735777	6.55043427986446	5.60584124650866
MPO	5.811803148	5.900356562	5.661210531	5.57281742	5.872612629	5.980274684	5.397412591	5.689679314	5.819162654	5.889093386	5.781788442	5.703236688	6.55273784	6.048573438	5.936749369	5.736348243	4.683497008	4.685621294	5.394828238	5.160365236	4.823305031	5.555742016	4.980024362	6.799550265	4.956582323	5.516959923	5.470808947	5.700862022	4.80095667	5.71433661	5.2770228	5.848661343	5.309673066	4.53246497	6.980942854	6.229859239	5.677450802	5.014026746	6.290498377	6.065441926	5.888853737	6.003389367	8.074588573	6.440318905	8.185529763	5.712251803	4.881206139	4.632140311	5.42087778	5.563068802	5.601295113	6.168228981	5.110745269	5.794958748	6.268914092	5.905584484	5.341393331	6.154671818	5.243307874	6.143556851	5.925775407	6.016448126	5.927019436	5.610786154	5.585164526	6.560296053	6.026091266	6.171628503	6.334974371	5.913635913	6.425903168	5.080581439	5.404939292	4.925959045	8.626186159	6.608078567	5.683584759	7.292123005	8.188745835	5.738253223	6.776959377	5.750221519	6.322941133	5.653028305	5.879764174	5.899689907	5.376954544	5.542226007	6.944274854	6.624408332	5.666764736	4.94888469	6.274114334	6.154104985	5.846331179	6.709975167	6.82323955448081	5.8115133314694	5.60635518849866	6.0183776132088	5.54705519720422	5.66301827551984	4.97647091187411	5.41143315912014	7.11745299434475	5.48734291904192	7.46781905944994	6.27716367177693	5.13673178721046	8.04489922922419	6.39334308101047	5.86181533526483	6.55795029120768	6.19443362582918	5.44644858620615	6.31096855375058	5.54185694083464	7.1605439974248	6.07483118234479	6.3447652327496	6.5360490178152	5.54213089248776	6.00719462337204	6.26092210318774	6.3780340412246	5.56692970989713	5.94574650640784	6.84087687403236	6.86890607098057	5.92639069401174	5.0714359943799	5.2735516756023	8.09478012349398	5.89122787539588	5.47434679847262	5.20332019638852	7.10186087573327	6.29591905908932	5.98432274808311	6.91069841897442	5.20679146060844	5.61913849387144	5.65121739052561	7.07888479542724	5.07687372609256	4.61515863468794	5.17376681215148	4.91076174237731	6.19497329913863	5.59578408232516	5.28235783986411	5.18932220612761	5.58013527738066	5.35422269283872	6.75536792678439	4.48104123400825	6.3616104420004	5.15258478359408	5.96804130767337	6.32595774814197	5.69617913599028	6.46604402381703	5.64930990287475	5.45655467519264	6.44200486347771	5.8700989117222	5.50218254645561	6.13376263343054	5.55407189314922	4.45107220639115	6.28857704521297	7.39155494945798	5.15064379406237	5.04662317250042	6.04393121319599	6.35327708608699	4.75247525956635	4.65096582046993	5.25946222334015	5.82970319942455	5.65580734465422	5.2534987323075	5.49380151791898	5.4529488149324	5.27006948503303	6.44384648481348	4.96497991642762	6.71820652593143	6.09272494804699	5.56562055148674	5.64867090958061	5.30943671884502
TCN1	6.010130775	5.999794347	5.280343896	6.746602996	6.05409668	4.838909933	6.251367282	5.81486521	5.879563264	6.487034481	6.020890417	6.565853671	7.001809913	6.211413102	6.072007703	6.850024421	6.21650475	6.695681469	4.064107104	6.523327791	4.960280888	5.343068459	5.797994194	5.088145615	5.946636988	6.414689662	6.109548863	5.019637849	6.401290921	6.131982799	4.749622477	5.385086196	4.709741018	6.052058042	7.300559959	6.033325708	6.245812637	6.406877252	6.775259185	5.403179556	7.070297428	5.559839109	7.267023925	7.000665175	7.390492701	6.600666622	6.257596156	5.832933881	6.1343865	5.309785679	5.554654194	6.854565995	5.821241491	6.232264925	6.429298307	6.553865253	6.018636556	6.33224018	6.670805759	6.574946846	6.949168088	5.323033887	6.140413564	4.691980456	7.115112232	7.394159091	5.671603345	5.875817898	6.161215042	6.670382638	7.635921677	4.57382149	6.404783663	5.757729618	8.233100815	7.614498359	5.328416908	8.359895646	7.642659808	6.56757319	7.268750898	5.868733237	6.698068966	7.342356408	5.583348675	6.178864339	6.665840091	6.446049958	7.556279699	6.422650386	3.699192945	5.129244414	6.944905231	5.192963635	5.296358007	6.430440021	5.98378903299639	6.2063553958956	5.59759141494803	4.35840587826786	5.50720747332772	5.59427879152665	6.61289446961259	6.21915698042761	6.42346596884353	4.86755955298277	6.32214972165356	6.14237172926605	4.11371363630066	8.40664162676306	4.85283716346927	5.7043223874214	6.7322313963041	6.79928753851436	5.19315711971578	5.34377556353866	6.35520098590264	6.9253100273186	7.10433601081879	6.57341726171906	6.49177000284795	5.62269602804794	6.23261393342884	6.09109485055744	6.58235583008719	5.83966534859588	5.87754477592919	6.02104922922807	6.10111790497108	6.36967037427292	6.3898719332904	5.63410358950154	8.56640050064741	6.32612947803912	5.5379683711593	5.68307126478314	6.72222181217231	6.90884171742205	5.88451512607627	6.8468851752088	3.65480351850099	5.75843243340777	5.04126512559783	6.32356888711882	6.0437522447816	5.88709022110391	6.2358294778814	4.80475838210674	8.25131692745175	5.45162513378002	5.64889322702617	5.06316700182049	6.46854140979374	5.77678135699802	6.2941136949036	6.04714188048987	6.84006150986783	6.00236091863149	8.03318042270626	6.3023549237888	6.6891387048615	7.22262507342218	5.79540447922689	5.71601103002661	7.23287754810474	6.40997978031527	7.0580780943193	6.70986786536853	6.94024663147606	6.83997654527611	7.06259533325347	8.12405945482618	6.19787568573664	5.47184850164162	4.41934210442812	7.04192991354018	4.95483407586237	6.28650072056111	6.01323189721915	5.28219905909523	6.52870380205155	6.96277266506807	7.41510027629989	6.0406502469373	6.13757558038531	6.93490376076921	6.43655356704912	5.78369413355267	6.35222315139747	5.98420479350868	6.63650082702193	6.19793168712017
SLC26A8	5.768597656	5.643858594	5.618319342	5.905835883	4.947315295	6.746960229	6.354771896	6.536966836	5.727735236	6.252432454	6.718056141	6.320348671	5.870244962	5.629010058	4.105588884	6.090103233	5.414693194	7.683666272	4.303272219	5.975644826	5.961242731	6.136523327	5.149435295	5.499220477	5.989999667	5.743641401	6.148270496	5.378683788	5.65811949	7.217273579	4.766790242	4.6571406	5.056337522	6.96365348	6.827047429	6.368072797	5.276670598	5.508705581	5.348328826	5.625699729	7.244986674	5.047596924	6.486384783	6.116696833	6.388938755	6.231317559	6.331413834	5.239413405	6.050049388	6.53237594	7.737384248	5.081663197	5.609769364	5.410036182	6.107181026	5.726848562	6.678004937	5.469687996	6.506784981	4.803122095	7.575621804	5.334829299	5.458972298	4.324567233	3.798327348	6.431538201	6.782122332	4.667677712	4.866242845	5.882670237	4.676538353	4.97142704	6.512897301	6.533850455	6.609056091	7.215574253	4.807042293	7.216175731	7.3158146	5.059599554	6.102726357	5.598841574	6.016314817	5.701232158	6.340160752	5.679190846	6.691244016	6.464088692	6.360320132	5.160282832	6.709702034	5.05714058	5.925663604	6.046124144	4.882205465	5.229542097	4.90561784650497	6.88914954212895	5.49696519183704	4.74638644251607	4.91555760667132	4.30169668187004	5.28487674659934	6.50896202244307	6.24039894008945	5.57865765351813	4.85821592780025	5.9593671322865	5.68461321133744	5.81796136130067	4.33183166920952	6.11643134606837	5.83257380865277	6.22940633611866	6.28769561454131	5.74330502988823	7.52038546450643	5.18037481392278	7.38452342936747	5.73347294967707	4.83632034111287	5.73696040072865	5.67784416151271	5.84456638933741	7.00223432476312	6.02189896787769	5.34372527743938	5.9766300795457	7.15243005324694	7.27334352344123	4.74882852319996	5.09970161290949	7.38466377717413	6.62559368692827	6.16819697203883	7.14962819397056	5.36663830263727	5.8919165844675	6.28530779601957	5.69282728460356	4.44483794695153	5.19954995980046	5.41584056571977	5.00188315263388	3.91484360649793	5.65602186592809	4.75534123343088	6.26358760799197	6.95765227817343	5.23197454695121	5.89323417123704	5.07782722665136	5.97780518255505	6.06866490999823	5.11860219701837	6.15258200236165	5.33912322227029	5.19009101642363	6.09763416403374	5.51186852964298	5.81069826933879	6.039081714035	5.72142046655713	5.50558954322129	8.6170205611249	5.34613774158758	8.50370042383055	5.48193536791706	6.87070989845878	6.41871063575557	5.42987345687842	7.11838805526817	5.35698775726123	6.3442443496027	5.22920981058911	7.22393461483719	4.59490706198442	5.42639806200285	5.74030899648131	6.09167217100451	6.84475249239765	6.73221630870212	6.55393329062215	6.37481013207825	4.64395514174821	6.94631512194873	5.21195789232058	6.37770937955805	5.96555734321242	5.73118158179852	5.94287151297094	5.96655062854096
CEACAM8	9.233273508	8.914108662	6.456404936	8.92967798	11.09398098	7.490787762	7.25166312	9.244386846	9.508380177	8.679237094	8.91839345	9.432694296	9.843332732	8.41435618	9.668850295	10.58992805	6.525494466	8.68477855	6.628221708	7.759527458	8.480207188	9.699463054	7.141949583	8.30219798	7.768164556	7.949312234	8.635725174	8.434000382	6.953262146	7.683412723	5.099699204	9.006693919	5.153428882	7.195887543	10.65335568	10.58503219	8.558338967	7.850068333	9.423277586	8.441152312	9.643311502	10.23882098	11.28051489	10.92579688	10.56630828	10.33033653	9.392719999	8.208744836	7.231426247	7.560952596	8.595553756	9.909124884	7.557037746	9.131872344	9.748073684	8.604403483	8.992976349	8.191593555	9.163657419	9.375991365	10.14338097	7.709737905	7.690235799	4.771663494	10.24937603	11.205046	8.864212618	10.0875029	9.75235062	9.848477944	8.716910463	7.456059001	6.950959927	8.837697397	11.96706709	10.97882147	9.705160856	11.78857948	11.3426355	9.009373291	11.50345206	9.970791862	9.57037878	11.05705064	9.232285671	10.47426935	7.140883718	9.032689019	10.90967479	10.59578214	9.05579336	7.148717294	10.69397544	9.687346105	9.410622239	10.36580275	9.96457222969121	8.3951066256039	8.88334567892371	8.44325604299376	8.90884576423777	9.50222843866633	7.99693005524454	7.94653303719424	10.9997655116833	8.81702662759637	11.5541791497003	7.57546642168391	6.51398487816012	12.4459369216536	9.26842660797657	7.57369916324756	10.0748647459384	10.9269162393119	7.57373574823874	7.51783122551119	8.84775996792274	11.5196663752395	10.012338878377	9.70053357013555	10.6287999062549	5.91476180051272	8.72542697750984	6.36587682764224	7.83971472939715	8.96306398604696	8.25061860588425	9.6712969608197	9.54798811086863	7.99106774959213	6.76180956740249	8.30189063315069	12.2493154360819	8.10277238024316	7.47493990389905	8.68176230200943	11.419663857001	10.4964637780229	9.13693639190094	11.2643974698005	7.22181196111636	9.41985826047322	8.72904719153283	8.75837531107613	7.11713076603435	7.22378351081135	8.89038962893247	7.03133650983588	9.4406972829525	9.40317447177352	6.67163864979736	7.56696197593574	7.30529090240131	9.5284339161299	10.7496430515049	7.29099261703065	10.4690878707426	8.46611747718334	10.3735951928568	10.2379327509194	9.54209692899117	10.7657241451335	9.03149446530683	7.54509500803818	10.3610341504451	10.3939892011428	8.80478190111054	8.05484620059177	9.55643112086611	5.75355319729923	11.2860502523014	11.5120504318971	8.74195631771553	9.19559549936084	8.59034057324937	10.613024569398	7.69196492544532	8.75764442639786	8.89062876169808	10.1030958797838	10.3474484873121	9.50826421828013	7.26316170044048	6.34877047811305	7.68720876887792	10.3439366723992	10.0431008950468	10.2513379021113	10.2726453824538	7.82545809379472	9.79457928974425	7.94196978411521
DDX60L	8.952225527	9.044620465	9.890641697	10.14125989	9.616917163	9.759914196	9.680317334	8.942371641	9.182181433	8.661418369	10.06999178	10.63514794	8.800501533	8.044174652	9.795771062	8.671515782	9.510042853	9.748979052	8.92378159	10.73626461	9.562469725	9.097854849	9.521453032	7.44462637	8.876614786	7.904108684	8.628000396	9.162861056	9.471967374	9.327138062	7.886315023	8.307584875	9.189666053	9.935444802	8.569946558	10.15838007	10.05691024	9.459021355	8.708658015	9.145617846	8.972700108	9.170304304	9.597422132	9.75007982	9.248309321	8.817283442	10.04303785	10.77516267	9.680230048	9.904151023	10.69707463	8.630096609	9.166589606	8.586217152	8.546696783	8.978714419	9.588619564	9.661630627	9.506679545	8.388660047	9.654939881	9.614054271	8.342530345	9.224884706	7.885724387	8.873773855	9.618648119	8.902957647	8.40516864	9.068221144	8.819165585	8.593905761	9.975034705	9.521809993	9.754286706	10.18099936	8.876189771	9.387096817	10.08229353	9.88477629	9.647813572	10.26762464	9.633118495	8.797960186	9.603087751	9.195977852	9.896027941	9.599924423	10.12832139	9.768740899	10.22373152	8.669142343	10.14115985	10.36055952	9.872054959	9.46599333	8.8166297859459	10.3194101303185	9.0251607501949	8.44583597058269	7.51136511550924	9.43527560098479	8.96442214018687	9.92323693889364	10.0902246065261	9.23588019305092	9.31282542118981	9.4821895361306	9.68061682741164	10.1716168326101	8.97392292307208	10.2996400153022	9.68384758624618	10.292238772363	9.79056951835184	10.143317518813	8.92302558165425	9.56139955201166	9.05080203840358	8.88522494569574	9.21694356420007	9.76145661563015	8.66650860508744	8.62867622547508	9.34650490265849	10.5728218517159	8.58528153039988	9.49933973956955	9.25625434115508	10.1265694591665	8.41529212199625	8.96195275815897	9.41031881378152	9.40921074682043	9.73371683476747	10.1874488032824	10.2193566835308	9.0020475115939	9.37487737148407	9.22643613172276	9.54027808583593	9.64599553214041	9.59176212395924	8.09127890866012	8.89654076319557	9.12215179699718	9.05003896889547	9.51955318519475	9.21998991843367	7.13061541673409	10.1030038773789	8.00217954577228	8.02821639652266	9.79806759385861	9.47468493914751	8.54598378017493	9.60015091632836	8.66242106446561	8.05092758935323	9.36745827628442	9.38921671156137	9.36710657079548	9.66117325666599	8.98468858266523	10.5969004887522	9.33910707781638	10.8362670266527	9.71548740461737	8.99110606969997	9.66445540862732	8.96801310351892	9.13916986105007	8.58808398329055	9.47635101642959	9.974362062901	9.53314491519407	9.57431021532532	9.42851986484043	8.83131966997556	8.46853266878896	9.74875032435291	10.8000960151571	9.77371449282913	8.93440280416937	9.3193398643327	9.86645550948913	8.95832874850009	9.75898135266869	9.11992362916672	9.09440735282995	10.5476905374018	9.58262629810027
CEACAM6	4.478368894	4.473869647	3.288494954	3.754198201	5.612758212	4.101820005	4.109914467	4.675276037	4.190528321	4.198498769	4.211387151	3.970684281	5.379191273	3.88008948	4.303187375	5.603297469	3.863333802	3.857801823	3.729632801	4.205482345	4.026062994	4.565146967	3.797420594	4.465270731	4.11601108	3.973134982	3.812169032	3.496305585	3.47793756	4.74649818	4.157104674	4.812603432	3.944097882	3.807810031	5.504386189	5.161551187	4.019189154	4.030177055	4.319666999	4.267852788	4.39669102	4.524278891	6.763429875	5.507744642	5.9888823	4.666456506	4.478144664	4.337383735	4.077072477	3.638694131	4.385191038	5.012009401	4.056670116	4.572003768	4.53089285	4.057202732	3.875959157	3.633947447	4.704060516	4.568510474	5.057620342	4.040817739	3.695364674	3.606877685	4.581085201	6.243672105	5.305390905	4.545897179	4.668166501	4.584979267	3.557363019	3.665805749	3.481511173	5.063292511	7.837432628	6.040082366	3.447509341	6.25010859	7.209450627	3.876413123	5.622166191	6.194280747	4.530534882	4.990759674	4.231281173	4.694815893	4.212464118	4.493846933	6.437784844	5.610770385	3.61847664	3.682989081	5.655566127	5.08479699	5.044993315	5.325922363	4.90958793042845	4.39290399281116	4.07412036678183	4.31984907585907	4.19573731868834	4.53652179058282	4.30145866358075	3.86730554971443	6.13204288083534	4.29268455549398	6.76701136292659	3.73844297803846	3.42215525966799	7.53051021460563	4.62500584071246	4.10635737824486	5.41521634612129	5.90365010989857	4.07349312093425	4.14023650420221	3.52726658519382	6.31312108457899	4.75691816489985	4.75197721783143	5.59500167720778	3.40336019752811	4.47713867605955	3.71670480248056	4.3605724599937	4.37489471893	4.1288806807496	5.35353396500604	5.189746869702	4.25389556721	3.98853865806515	3.83828209319308	7.12946263227395	4.1355959253017	3.51307680346896	4.28267157747121	5.85688746913691	4.64311297410863	4.28195149262962	6.28325591753151	3.55739578350214	4.55264577911401	3.95460878122215	4.67609740211751	3.57335169419858	3.48504899438704	4.35342256704696	3.7125800607265	4.87250281551556	3.9688735399376	3.28670917168102	3.81067372716511	3.53787486240478	4.66790732666886	5.56346743603053	3.17671922328487	5.28857698302513	3.67206737379664	5.20391171405688	5.26213556117234	4.12099732123821	5.63321062657639	4.37688852879801	3.36234348996992	5.48924636514021	5.84730476853009	4.28156089336438	4.42829857893332	4.34797741745091	3.68738828690625	6.26078109967051	6.00100874281791	4.12510493187729	4.25833776179317	4.66515884123944	5.01417210117945	3.63507380160604	4.26542935215815	4.03931318439288	4.36814753234306	5.08118475014606	4.58103614455383	3.78060022045885	3.49615313394226	3.63888770750366	6.04739291278199	5.50565373352307	5.56259811863891	5.37832264898252	3.9568826622783	4.71572352107302	3.50778645712022
HP	7.032258656	6.226333485	6.363766132	6.952389912	7.396542187	6.881894044	7.167951285	6.221323909	6.625169713	7.30950389	7.776793044	7.656747438	7.510826206	7.126413911	6.213226422	8.204032645	7.044974647	8.203120328	6.932349327	8.113016764	8.147152235	7.020918837	6.89772	8.249923055	6.389444869	5.923096537	7.311936382	7.615461192	5.765337091	8.187019145	6.722988701	7.142684781	7.400668983	7.546799971	7.65090576	7.945411243	6.196595718	7.45020979	6.714979384	7.854314612	9.11883237	6.71430031	7.916593717	8.840421311	8.341057676	8.135061301	6.585002285	6.956871237	7.976243348	6.520631616	8.225984949	8.940247034	7.51237406	7.337543018	7.925656996	7.389225897	7.865617905	7.417593069	8.087515299	7.857909092	7.965518973	7.52648535	7.221819459	7.253359982	8.482132054	8.66308806	6.454140687	7.707217649	6.902525086	7.735164559	6.901948639	6.821028608	6.695256531	6.610163131	8.543050624	8.757871597	7.020234351	9.047060297	8.742524158	7.895258658	7.922615038	8.373632016	8.582164743	7.417144526	7.490635134	7.745881276	6.507008117	7.639578546	8.385376862	7.139679461	6.739892784	7.03836016	9.031891715	7.52541671	7.753671065	7.14544604	7.22747203667925	7.46519942931477	7.79055637376854	6.21098229374351	7.46980322891058	7.47365922895808	7.26116459167206	7.27564735596112	7.13057344584897	7.34586183154934	7.52214825819516	6.36942557138892	6.3539988352973	8.78286576785433	6.93224247270556	7.30572401753247	7.23650776616665	8.34809631521848	6.77046264445308	7.17482033666476	8.64944607004595	7.87561886157692	7.87752071687344	7.56318026856444	6.48743374843175	5.90093163626232	7.23731956300262	7.12640372962098	7.53489830867451	7.09699279724521	7.01910519645705	7.13936456939363	8.61523306334484	7.65683359887359	6.25048825746688	6.71793310883529	9.48470789550851	7.58821960377491	7.16624494516086	8.15981266042821	8.17850448474177	7.88891995205486	7.08400609048811	7.88959571993691	6.89657072782638	7.17558409045324	6.94513388030526	6.94954388914187	6.46640651738338	6.76544792381253	7.3889671374899	7.64929065810583	8.31280174676984	7.50639763283478	6.88977121113409	6.74342832040595	7.2452940107673	7.80877703969656	7.04002380194559	8.06352061395633	7.74425721532754	7.68378239043065	7.93930298030248	6.79828630380022	7.85332886361758	7.42829663181271	6.68441898087246	7.20791404216185	9.37538912027077	8.04448036249495	10.0894001893665	7.5181493926203	8.68900350338121	7.11827747784988	7.50423513464824	8.44123356651028	6.9134258611517	6.93448693920044	5.75200765599949	7.70225906331792	6.26926936354551	8.27346166149052	6.37480991365477	7.1940834455427	8.64218518364069	8.74278744337091	8.07464242381929	7.24288177612933	6.77724931842112	8.86280560680609	7.96116702687035	7.77294215193318	7.572867591994	7.33585775934532	8.33944652022188	8.03276540470475
S100A12	10.32057792	10.25123353	9.392705377	10.67107455	9.76664069	10.66207005	10.43458456	11.26648298	10.25983775	10.56011399	10.52016915	9.93383224	10.42493035	9.999438832	9.523570981	10.76922611	9.112482774	11.28355178	10.02563065	9.538735942	10.97589946	10.15811766	9.838437124	9.94700184	10.59335055	10.47608073	10.16338718	10.17900547	9.79148559	10.58485264	9.046963721	9.659175224	10.12460067	10.446552	11.11797103	10.78649837	10.37264808	11.0485037	9.987823223	9.755474177	11.32266127	9.947265505	11.1033748	10.36920364	10.73778803	11.0749786	10.60887252	10.13991846	10.28634971	11.24738935	11.07094773	10.98306001	10.62115167	9.894567917	11.33937906	10.54370067	11.3054544	10.92889558	10.88940136	10.16880839	10.90804961	10.10554953	11.17074566	9.797584068	10.63893549	11.29578901	9.943402961	10.41985321	10.62233294	10.36803397	10.08340495	10.37499751	9.402261647	10.59888801	10.7863134	10.00100752	9.919285741	11.33368664	10.79547726	10.8736682	10.09030665	10.99482219	11.32441435	9.528097245	10.88862259	10.14636652	10.20876117	10.54329352	10.84371818	10.46203265	10.30273464	9.883087926	10.75214487	9.817971955	9.608790627	9.866646954	10.6887735311876	10.4625175241704	10.187755129275	10.3668493124743	10.3964262528885	9.86427079998683	10.0201443855119	10.1508645034954	10.8241353467334	9.95408935432931	9.3883968712807	10.2232341089287	9.67752546661894	10.6337174372886	10.5004438785497	10.069768140902	10.5935201168782	10.8283418710219	10.1500987407109	10.0670139985756	10.9823973444407	10.1016629534566	11.0369024749595	11.1127700181387	10.4751659462316	10.1041937690259	9.3821404729263	10.7283221956851	11.0724496455442	10.1211993028515	9.53331391538757	9.82117729561849	10.9724205629342	11.3374329484649	9.39197176136313	9.20176278094584	11.0267558574472	10.4175334380197	10.2732810022039	10.795520978715	9.62661417752371	10.9166314198226	10.0120860944808	11.0287993613091	9.4638034646121	10.2585230845893	10.5195941404049	10.2267880483613	9.47618586032377	10.1456954909925	10.0234188531676	10.1129573950923	10.9556300008603	10.2539999960878	10.3939223713878	9.59785565935392	10.2127968445567	10.9386028363954	10.0637247951876	10.3241042375385	10.6623474169751	10.6385164619476	9.36486338834583	10.9036431258189	10.0849409361003	10.7931467786849	10.5528423836521	10.5363764000867	11.2298419124343	10.7543498792579	11.4633352733183	10.2618923760715	11.2950610642514	10.4903930424274	10.3688557659907	10.3840329807133	9.46832757381333	11.1698270661786	10.7766509988828	10.6240956488114	9.65437037516241	10.452217791186	10.9058194363865	10.1666597886935	11.8914274241719	11.5389350459374	11.0234792917943	10.1187247756349	9.59321832216434	11.0467252149982	10.424204004954	10.9686236759364	10.8646340326269	10.203194863742	10.8577337346096	10.4157998019639
CACNA1E	5.147232788	7.098488501	5.800276482	6.615607507	5.945730692	5.889289342	5.388431533	6.057204301	6.538127636	6.130026384	4.968367927	5.94439767	6.608127682	5.834011783	3.404223814	5.450529076	5.535204107	6.07058729	5.713324709	6.885028934	5.683388702	6.279834349	5.416898735	4.981447954	6.142832673	5.954495534	4.941981244	6.633436287	5.996647347	6.46037601	4.567877959	6.255958455	6.970309218	6.047404624	6.456527039	5.311074602	5.375707173	6.608872044	5.335644662	6.139028949	7.052154258	6.336964229	6.063099472	5.693707141	6.501341122	6.218360771	6.030913865	7.25183036	6.125577655	6.486719557	7.762056852	6.48245387	5.749065526	5.337831667	5.089514841	6.492064559	6.137676096	5.158060081	6.540396534	6.885695718	6.674733777	6.562559795	5.600777501	5.002645383	4.243395605	6.311188473	7.66589458	4.829570441	6.013363174	7.225090024	5.734880898	4.203583699	4.716452835	5.975800809	7.707573867	6.821744095	5.514480969	6.732772362	6.580958451	5.530739874	5.713254516	7.050135531	6.646436604	5.409239938	7.176258948	5.961435601	6.714713956	6.238997236	6.710622085	5.98360837	4.539577191	4.623325177	6.487817546	6.859044843	5.728758363	5.892771715	5.00729949204804	5.42565159110554	5.7930000451932	5.11642189286682	4.56305168131633	6.04861741715294	5.70284499288976	6.92661594924074	6.48527669829965	6.88461253718901	4.45393078554685	6.20488457651125	5.10120790988126	5.98485909261148	5.45271362007061	6.03710661127514	5.08342940052174	5.89670557916767	5.63220311179885	5.37109389719479	6.35808108378857	5.39336895987227	6.54517001718889	6.26645447329133	4.68471249656243	5.29213305284439	5.54524526218924	6.09121171092052	6.29080155076932	6.92326445092232	5.22050213818483	5.58988513153228	7.12324864909945	6.58607532862942	5.02153723817453	6.24055942125352	7.91353118259064	6.92227098691229	5.92707381060079	7.56383607149101	6.95065475617571	5.56568759467158	5.83942211474441	5.17584678684215	4.78076745424872	5.0651530270363	5.04386753572736	5.42938335170433	5.23240448491015	5.56075762764388	5.8115704233677	5.91602419568609	7.83982286833646	5.46086831385036	5.27472703704223	5.39390319321132	5.83739580355287	5.96816631748132	5.08380166213573	5.77530076171835	7.21572658694274	7.03448871326958	6.75466369561817	6.49461512479398	6.32101851020871	5.78093835810031	5.51334006930722	6.05662229474756	7.91344284585221	4.78067533492953	8.14838846925672	6.63470059178411	7.01524727895454	5.72525042359106	6.69827451603984	8.09556696975194	5.83726733886093	6.17132816315794	4.99285786889615	6.22139819277272	5.14348111895807	6.88708868276096	5.82374503360409	6.3644616171095	6.77750972131866	7.44248881656742	6.19636497177385	5.90557026581087	5.96344919861897	6.22038315587686	5.99584836342455	7.508634261485	5.95269111653375	5.36140920938599	5.68588668049165	5.05571814965579
SLPI	8.379396377	7.936866107	7.348566131	8.124399305	7.521986079	8.221060811	7.213794575	6.818816052	7.510322295	8.024250397	7.447570829	7.062274982	8.569156807	7.273203085	6.597593276	8.294589821	5.977213879	7.947010256	6.055312442	7.91280414	8.277816781	6.688961976	6.576355938	6.963741639	7.975957833	6.85169932	7.798366381	7.267748553	6.553035676	8.670319312	4.75904641	6.921577343	7.357162853	8.344158073	8.271569202	8.566847234	8.217151741	7.350655051	8.190631003	7.522596044	7.561937994	7.152309718	7.825195611	8.310076619	7.789792301	7.200650126	7.672589209	7.899794173	6.887671243	7.370114192	7.138850671	9.152735031	7.194933539	7.269052589	7.588244099	8.051251904	7.96223144	8.044962898	7.847598675	8.770983788	7.585912909	7.062156031	7.090138045	6.720046048	6.226533444	7.891096864	7.889398991	7.157822714	7.565026523	7.965758834	6.383547266	6.477630878	6.74346248	8.121027187	9.155728678	8.536738585	6.51274824	7.517591309	8.084147852	7.002658169	7.411747443	8.303259803	8.177274514	7.767315835	7.757650186	7.188530411	7.224025975	7.462178175	8.843497387	7.044223203	6.993999365	6.467900703	7.231727113	7.056579089	6.506282654	7.526688302	7.69569193181001	7.90181875172467	7.72801299403674	6.84005898344585	6.39852541460786	7.80779258107555	7.29600928480272	7.44104154680888	7.0033748654725	7.63702418109741	7.1083490863204	7.99972299695634	4.83663314218821	8.59654684973037	7.74281853281427	7.84476138269518	7.36418187152456	6.94135821061803	7.91064902782373	7.16901449279972	8.11373539073018	7.35986741493214	7.49233610460083	6.56129078626044	6.07412438058272	6.64645406888515	7.30317436904244	7.56626142097552	7.6872045103613	8.28794203898884	6.51545435246146	7.56308608151125	8.80104554776014	8.57684665570376	6.77342800092976	6.2857567007941	9.66030352455094	8.09602423227684	6.90277919293003	7.78369783239557	6.87768304731505	6.54667228410943	7.11215464039238	7.899734202423	6.97056767638981	6.62221227918523	6.74761828356659	6.87829265125347	6.41346837743178	7.25511170516208	8.53342144038522	7.70388223352359	8.2729880367272	7.71087469420389	6.50447346782401	6.61433505024512	6.80538650090166	7.18329384874818	7.34918086708098	7.81398168927032	7.90257192971472	7.26624800048715	7.9659001306349	8.40227258996684	6.72202835210222	7.36231398862041	8.17633104763742	7.86100827598105	9.47401589690297	7.53235383206896	8.47633444616832	7.91088864442576	7.2600067810143	7.62087037324942	8.42219216590299	9.50771332593054	7.16435941510463	7.85303681074115	7.56164839974964	7.57967198377371	6.63876107465651	8.28602923187662	7.7101655311605	7.03681159914966	8.28637155039273	8.02071518513898	9.01915700762765	6.7496963274654	6.69744080146238	8.21985873169749	8.00203142265705	7.35736011931591	7.97335020529496	7.60113140452265	7.22107759950184	7.2313273966786
RNASE3	4.726528228	4.507677704	5.392484469	5.212862214	6.157520383	3.692587979	4.68157839	5.010692926	5.797786769	7.122219298	4.573187393	5.299826399	6.411557481	5.676161766	5.487435739	7.26847701	3.919395851	4.589912252	5.178741544	5.730285983	5.349458666	6.215006074	4.257274391	3.430973385	5.753626267	4.697517862	5.822798851	4.440154831	4.089573855	4.097132104	4.019080932	4.773082202	4.518772226	3.89526918	6.867841166	5.512039076	4.766800628	3.977374449	4.386303107	5.033480233	5.860012739	6.350341764	7.497402186	5.800661089	7.147506998	5.260261029	4.78997528	3.863247097	5.840388172	4.191624902	5.904749409	5.716070574	4.589961473	5.471342095	5.731011012	4.974806	6.084912341	5.573148908	5.166268783	4.82057805	5.722339335	4.791717562	5.852617053	7.650498212	5.258292334	6.075705232	5.212853996	5.32901746	6.266400139	5.164270916	6.281686868	5.746244898	3.918128571	5.08176651	8.613730323	5.374182743	5.238541072	6.413436602	6.665521563	4.72774633	6.695616107	6.750561771	4.163306232	6.047370651	5.649786212	5.155154921	4.010317691	5.708482627	6.417038957	6.125338163	4.295271207	3.970775868	5.922065241	5.393396474	5.215659686	5.548274386	5.66734523967532	4.63010047475061	5.76634702866496	4.84816328687206	4.67919373336068	5.91675125577375	4.39014043860412	4.10205176850923	6.90779135777419	5.57552107732856	5.25805405210379	6.01150179785921	4.00682936348001	7.6784656910473	5.78250507356423	4.66308895558059	5.41451507897259	5.71627557265967	5.02049393898931	3.91226519987951	6.8908910818259	6.34778147642678	5.34048780636279	7.07830552432884	5.20736232213476	4.83819904162468	6.01061717511161	4.19689047999657	4.58213759077738	6.31626036714689	4.73329532072207	4.94541015485178	6.86120973810703	5.61190536710548	5.40868421924974	4.61355399500804	7.71783830526737	5.38408107197699	3.40176406873455	5.08471027638517	5.78512993754103	5.94302660954608	4.79435915588514	5.65989969287858	5.0646451661949	5.97113677162378	4.9900977628492	5.3324365488764	5.05453625595721	3.95778891733523	4.25601599092872	4.35128645457107	5.86930890272417	5.57226994576667	3.39311799019414	4.70049509812254	5.18679926562169	3.6437201462325	6.24505611506257	4.71055505760983	5.75543165130098	4.87224102808659	6.07803814997822	5.41855047323401	6.56941939159379	6.00433232339935	6.20403679696529	4.35313082113713	5.93780256182915	5.9767488683013	6.71845745824388	3.07925593476383	5.73485813963646	3.6579287823244	6.2524088809011	7.0672569543663	4.60682505344524	4.92428054896893	4.5686607764751	6.05140958171198	3.59997436813948	6.14117110446427	4.59158563290946	5.2034853002518	5.86546982342758	5.60234731210427	4.1751791731388	4.1279950539693	6.12348946857777	7.86712848609569	6.00505613239174	5.94724524458523	5.98166719184238	7.15039810040958	5.38847878529425	5.27199209083089
C9orf66	4.097037643	3.321807044	3.966150955	4.557849433	3.202461363	4.486607146	2.917944561	4.143249178	3.828056849	3.60979654	4.637476647	4.576512062	4.06144832	3.935038754	3.695303264	4.658007251	3.625434293	3.228867567	4.280536686	4.178361748	2.883583829	3.218198454	4.714055254	3.918916592	4.058882234	3.199300471	3.685715936	4.130977576	3.833795738	3.90896359	3.987932277	3.43505904	3.541466217	4.582283097	3.81630474	5.108537634	4.064985724	3.988862266	4.145667596	3.507183913	4.878675381	3.845779975	4.485533936	5.017697589	3.028622701	5.040051766	3.998954182	5.02604126	3.998767415	4.283414745	4.246297439	3.293574116	4.50910597	5.128279615	4.551986437	4.474599719	4.644222262	3.845267944	4.209561303	5.021346714	3.730267885	3.935586025	4.300060596	4.866555034	4.407515969	4.175802261	4.471322514	4.40610312	4.533244467	4.610111989	3.73368987	3.438916109	4.259226602	4.148665869	4.108392911	4.458219883	3.893184794	3.783657047	4.722045396	4.171622982	4.988493212	3.751902023	4.714816345	2.985336773	3.29607145	3.186577041	4.256734946	4.003889818	3.622399833	4.409486555	4.392721246	4.035986541	4.068139922	5.923186729	3.428705515	3.377770018	3.7739419891582	4.4141608756838	4.55407936264769	3.64001490676101	5.03824221869066	3.60739995391169	5.03898708656828	3.52325261930807	4.70807990563124	2.92969085505152	5.14552378244693	4.32536246919063	3.75709165529299	4.27534439645822	4.28017305532963	4.68601284207869	3.80750698342182	4.44232734442649	2.93816664076641	4.37502762018201	3.21656393637785	3.78466242753779	4.4763288505242	3.45006829803288	4.12760632803179	5.14273979556676	3.34472272908518	4.73209001948131	5.15121416852633	4.93041695154973	4.76667878693241	4.59238310092899	4.04041111391095	4.38787434127985	3.31494813990506	3.86762975552259	5.033072558138	3.41970700363273	4.48093171602838	3.77857962254255	4.12749145457283	4.3762191376902	3.91030718043943	4.31038991155938	3.4700331001443	4.24826710868962	3.82471861712639	4.00607959393049	3.07938964778408	4.39811088899143	3.35713032876335	3.4126047920285	3.97577532639877	3.27872777115674	3.86240439594955	4.34815415145036	3.6013466010887	5.00287189822872	4.31466268103609	3.70227548818543	3.75676384982665	4.35746038382719	3.85413988736829	4.77378407151897	3.68538832222404	4.30979970167878	4.55228495810562	4.1727139576657	4.8258240566713	4.89921508990303	5.11237859378867	3.18354959506857	4.68505534659697	3.99892510317375	4.65222993875494	4.39385284626283	4.19009182893233	4.21492643540104	3.77244674289654	4.09555419290572	2.99155896195251	3.13362265134662	3.53576100512728	3.91846308074283	4.0316221567412	3.82122471560746	3.84559750233248	3.5943510740039	3.56383249216127	5.04996539337012	3.90060200843547	4.27883575718179	4.22621465934598	3.67408879940009	4.08335746919202	3.96830519241119
ELANE	4.053679248	3.889181044	2.628780692	2.988198672	3.759047312	2.69876325	3.010576561	3.780498515	3.404622408	3.765701952	3.512212794	3.402012145	4.552161652	2.947603856	3.693336955	3.986317216	2.724992219	2.816088868	3.317588755	3.211646397	3.183400353	3.250834805	3.321655658	3.934596367	3.210511543	3.481529355	3.674624751	3.648433385	3.540289301	3.299264573	4.020032253	3.562964178	3.706833807	3.320779165	4.743276142	3.239077575	3.205135287	3.111727356	3.89804619	3.821047549	3.366056737	3.48736216	4.787025877	4.410802875	5.315066065	3.465421629	3.789054732	2.991770753	3.290871284	3.049945544	3.327422644	4.769996921	4.036946342	3.109081711	3.952437606	3.281001859	3.593922386	3.212569989	3.809813643	3.49747294	4.08916344	3.193758801	3.913842907	3.107479757	3.191471305	4.669187567	4.463568538	4.380346217	4.220067897	4.040698627	2.820187019	3.354626763	3.018454824	3.231098255	5.315540576	4.839651482	3.803765134	5.286889174	5.739457336	3.533435568	4.24636463	4.292184797	3.942005075	3.864968897	3.62490839	3.70193244	3.083064552	3.134707999	4.282936454	4.159123296	2.997446429	3.464638038	3.872281548	3.336458607	3.075243486	4.137992004	3.99887260566466	3.73560244814834	3.90718681123886	3.65655954942155	3.25482731319979	3.50799354308137	2.75153889018788	3.08536988492124	4.43247198235062	3.36038972955417	5.20546848193403	3.53321927575819	3.13621271224898	5.10866181374235	4.13830038315574	3.56301127944319	3.93884317560258	3.91218856026489	3.25507860396575	3.16382540171963	3.56997449033704	5.15575298331091	3.21164677191348	4.42137483983915	3.22983471374448	3.26370230425616	3.97061331109536	3.30395614914869	3.82084889429581	3.71085454082023	3.21611330845165	4.64370987529095	4.88469747101139	3.04678564667334	3.29969372252217	3.08232207861324	5.78946345224047	3.80264137521426	3.07966702021039	3.31625003890949	5.02827492502291	3.71666124057444	4.00645097827749	4.45307149265798	2.775298021542	3.33919191259148	3.30805914679544	4.38996286699421	2.9390100282818	2.70910307214988	2.85559601230905	2.7816398945544	4.04635048346826	3.98076143996579	3.03301622822451	3.38522071429513	3.45438870526792	3.45630504051457	4.44289672236169	2.91122350385348	4.3103211912011	3.33563304864661	4.51296328957192	4.13249261560426	3.90838364298345	3.60770914114548	3.25763037294628	3.41135641788254	3.43568081673589	4.3815441419955	3.36079034573241	3.34592761616262	3.43921683481019	3.02950165244783	4.64976621989463	4.83720158399459	3.26775640085054	3.1967031924488	3.11504366580703	3.75407325818008	2.99526043839595	3.4084126311614	3.33014025122764	4.15551630948388	3.76582541446154	3.46993802139988	3.1671721686293	3.53410212682359	3.47605246868281	4.15020588847218	4.1873957565437	4.39985815389115	3.67897203057504	3.39896140528343	3.50070045247129	3.07391705264085
WDR41	5.321538443	7.739233247	8.925911296	7.76081636	8.860727586	8.941877533	8.284600182	8.770858225	8.451875013	8.177723629	8.970827762	7.91985946	5.460131763	8.021165993	6.225031742	7.809860981	8.431911023	7.723265761	8.500350243	8.786204618	9.214777094	8.937302268	8.65648374	7.82778179	7.735414075	6.402338106	7.438402845	8.113156201	7.646057179	8.876864791	7.136066146	7.839355338	6.41807118	8.4051433	8.114643986	8.837814183	9.00303714	7.509260379	8.198849197	8.650109592	7.295947014	8.428022779	8.31409896	7.702648736	8.594399991	8.933685844	7.485252265	8.872928999	8.776959112	7.442146071	8.974767031	8.108967499	8.290239889	8.49632898	8.567205689	8.593220901	8.103374638	9.000870835	7.945459949	8.440587021	8.769570689	8.719552518	7.714928625	8.479115444	8.424563305	8.305151309	9.408436445	8.637912901	8.360238008	7.436827892	8.444638641	8.796704557	8.617336186	8.705269438	8.897576154	8.998566585	8.48366402	8.261253626	8.60355259	8.89349973	8.236733355	8.786556904	7.686155903	8.01680503	7.676879819	8.579576952	8.453017294	7.751023849	8.772145187	8.820490315	9.236476372	7.895010205	8.92317754	8.83623839	8.150919921	8.694930068	8.28752089299213	8.16088396287632	8.87265630544409	8.45568626452815	8.14688617051512	9.05141230618818	7.63313461485066	8.06234932371943	9.07366654128353	8.35389885014835	7.39174988286938	7.5493631106242	8.11095256815564	8.51400978046883	8.19060189439839	9.29760976665396	7.59194890241028	8.99562372422399	8.82212969847611	9.19906344118715	6.97273392933409	8.3246379237237	8.59966122512829	7.30511766663159	7.94470029119318	8.96120308401533	8.73229574326918	8.11735386912975	8.14332496026861	9.02437609262963	7.85442539292891	8.43020990729278	8.00401643704027	8.52276976820573	7.34167122730366	8.49110032208878	8.63890008494143	8.9667610760868	8.27832794473925	8.06673702675592	7.8530742903674	7.95534805624694	8.12446645677793	7.14458426774685	8.72605009002691	9.60886832043898	8.93563582134736	7.90438630668345	8.72276657572151	8.73413809739199	8.54955542064266	8.30336838860107	7.20483229823842	8.23776275666855	8.48757284744283	7.25587954039375	8.0951861637558	8.63326661667436	8.15456753644265	7.11203055187635	7.61474457174254	8.70302564377679	8.46840753138779	9.3778375307381	7.97130752847516	8.69759968485376	7.44119916765836	8.22315641698705	9.03396000150214	8.17651469903997	8.44261616401928	8.27203545188607	8.20870309564105	8.76762474852356	9.2136202232757	7.43532785914199	8.63610835229537	7.77382706938503	9.42518594017546	8.64758832718744	7.29843470731668	8.91770062374814	6.81785215105084	7.14659758714844	8.81655656727479	9.19517848607154	8.87777441465426	8.61612005596605	7.49265724981002	8.54157908312214	7.07716120040727	8.6879188569942	8.11108631485933	7.99399260681811	8.56688415288216	4.77688421051371
SERPING1	7.275552722	6.8225988	7.692684058	9.138882318	7.060065545	6.472591893	5.537743722	6.307032864	7.192999715	6.409515149	5.955283876	7.698017653	7.563716483	5.797902578	6.477489386	7.940963199	7.076878028	7.363619901	5.572873674	10.2280523	5.449950901	6.854259109	6.670638521	6.276109818	6.553967709	7.237273466	6.111358738	6.261708936	6.363914564	6.410847325	6.320117023	6.136104816	6.498835377	7.078448533	5.710622551	6.547191649	6.8977312	6.980268462	7.032381511	7.293114027	6.916190307	7.989880673	6.258806332	5.445779615	7.805444818	7.222843977	5.843270183	10.02261611	7.649125128	6.097470853	7.584535696	7.173162175	6.559423818	6.6295647	7.699472191	7.70856938	6.683714894	8.842641075	8.230486244	7.07697734	7.378136128	8.850071483	6.808685721	7.562106458	5.697791332	6.934719592	7.026776387	5.65058786	6.398679119	8.382358271	8.899063276	6.804600154	5.742391249	8.916474594	6.485221867	9.840187885	5.805716189	6.101972636	7.166848654	7.879761782	7.090510767	8.532236965	5.632003561	6.678111528	8.085708846	6.639258033	6.876478419	6.235795498	7.734641133	6.169431401	5.580509012	6.289490404	6.546712864	7.663206676	6.584109926	5.436423153	6.30882323650517	9.61964023273133	6.30197995602622	5.95335201138885	6.42270057101352	6.80899351420982	6.17681740108909	8.35146550656542	7.8163694854368	6.91119581359074	6.65322488603416	8.7905098159656	6.26766945185688	6.14069764787545	6.17062449715439	7.78188514234339	6.75565011221526	6.76856689244463	6.77394409079504	5.46356706222254	7.11521085910405	6.27269635748598	6.15249940030799	6.29290744298721	5.19680700890771	5.6770660139943	5.60684733946205	7.64251381163365	7.99870850349818	8.72159358196546	7.56540707982808	5.88134100050103	6.64322594198518	6.89277050093793	7.5604725985582	5.23573483630556	8.95074270936593	6.27742205254082	6.06762509321273	8.75181863011365	7.59427322000988	6.01165738592048	7.99088195943409	6.43867061679384	5.96760534727062	6.14471868170807	6.54012606169299	7.16624639485205	7.11693003542006	6.7924228084971	6.61833312163381	7.49930028457269	7.71604460410361	6.17710602187679	6.90835821866683	8.76850654757865	7.92797940543624	5.60429279569534	6.13853223902929	7.51081854209679	6.54314192678577	6.24161536207102	8.10604516346211	8.10349145526436	6.29276896502052	4.30930075947646	7.00380441606201	6.41804913606298	7.54083429563351	5.53531427678316	9.29783349341754	6.48364103876157	7.44577416307637	7.03481870463351	5.84781669568008	9.86423820879122	7.85195224896209	8.02749308746571	6.35845777167234	9.31657783563886	6.72499666808068	7.44504151848648	6.30326823358586	7.46122573763491	8.10845417240099	7.31508949868261	6.65058460694512	7.09026424026985	7.00964568616968	8.82724347198974	7.61075352958236	6.7725445181664	5.69596386782272	6.91862278794998	7.07722941719476	6.05224849452676
CLEC5A	6.08432729	5.850841866	5.199207696	5.359495735	4.919385322	5.401727967	5.320178643	5.523205631	5.594673073	6.772278067	5.126991126	6.237729261	4.793262544	4.382008888	4.664977458	6.011372516	4.772799161	5.512221972	5.655185287	3.538572396	6.936587709	5.301894281	4.43161904	6.044535737	6.613638923	5.159452433	6.261504626	5.214400423	4.952008685	5.25495891	3.586923229	4.766407757	5.263997041	5.524550029	5.972351786	6.699942975	5.731417724	4.972894686	4.738798831	5.594680093	6.542995791	4.938906374	5.808963451	5.676122723	6.070928163	6.93428684	6.018748634	4.79735486	5.365938531	4.563431715	6.381971588	6.601641421	5.346695197	4.864739691	4.989218826	4.713613428	3.9873048	6.368450593	6.775702374	4.517860434	6.327059558	6.453754528	4.132622088	6.097278189	4.434449248	6.575392822	7.671065029	5.381851935	5.556871275	4.753194587	4.190912346	5.339650313	6.191947453	6.26227741	6.384114918	6.448430211	5.801531856	6.862584173	6.188078049	6.177820752	5.230284436	5.31257229	6.370545893	5.548384401	6.171365261	5.802454094	5.801875889	5.82544137	6.164607503	5.646925528	3.536223223	5.026043076	6.179409792	6.255137555	5.505082204	6.715038202	5.46611180532374	5.49064566575986	5.65552996176958	5.57773379168189	6.36715467942115	4.67485333821946	5.88653016460779	5.11716590807539	6.17081046627789	5.04613308723171	5.09912464649258	5.84587911196999	4.0108821650918	6.62245338196584	5.06045966648577	4.27254074444918	5.42739282741955	6.88244315301161	5.58730224817172	5.61060080046786	6.96568826014439	5.76712062832426	6.1075841350865	4.99399669989105	5.6866951523224	5.43337250147239	5.26207926199373	5.79839706904632	6.4688054179866	5.8863225910082	4.61035086866797	5.53191610131208	6.85518704224922	6.36762231222697	3.61253403786614	4.97998351717906	6.39075483250143	4.69865361966103	4.36936805420093	7.03677407350106	4.96308783504905	6.14210895372157	4.48122082697671	5.39803019921938	5.62785850540566	5.24949641882083	7.2797542458131	5.1360798585493	6.2473020309568	3.93019808892623	5.20438434608534	4.73124754553205	5.95027023362272	5.50752964651405	5.96664910618899	4.50770154494912	4.26803009273371	5.57709537589255	5.9531087161637	6.0079520399252	6.24562093693455	6.65553516882753	4.37222873328719	4.79426892843253	3.87749756992554	6.41215085989316	6.01336784121133	5.25868097049456	7.22795187878613	6.7013277469705	6.48581375972577	4.87316458142406	5.87313446174772	6.03942451618861	5.93159258028695	5.99862457950501	4.58118511926962	6.03399557867244	5.71026573982157	6.82610798368088	5.73944115206576	4.74776018785894	5.78333082420305	4.85825490661093	7.1802217889638	6.36785611955624	5.68129944371322	6.39113665280633	5.35620691359169	6.05839505960691	5.51814568584573	5.16432382819583	5.84134622739041	3.4108724604059	5.36287000508796	5.23633061920195
MMP8	4.937482646	4.21551605	3.332162528	5.034913972	6.060101217	4.412874987	4.331376095	4.156622895	3.991213247	4.189480714	5.46067888	4.383801283	5.465680844	4.502271304	3.367980324	7.242980578	3.743494806	4.083387868	2.857126021	3.403465952	4.555038293	4.833160785	4.223436709	3.730807186	3.991274876	3.963964415	4.197615717	4.208587652	3.392842072	4.436360601	3.416641225	4.109349702	3.259997817	3.663343816	5.679801889	6.660881686	4.506931989	3.540834388	4.354402499	4.378613049	5.81441816	5.516236266	5.996190186	6.503635551	5.661625437	6.065403709	5.876889391	4.884644715	3.633972969	4.088976352	4.47025579	4.941691296	3.555660919	3.346537852	4.923464577	3.818149325	4.541858318	4.959134329	4.955054591	4.644721935	5.625377153	4.293716701	4.069060336	3.889967883	6.555574402	6.200642116	5.227114726	5.564245824	4.626264768	4.77240215	4.669080999	4.624224652	4.317833061	4.466725411	8.094771151	7.106623764	5.252815915	8.645578761	5.93607229	4.72774633	7.191137265	6.871664048	4.841076136	5.978552775	5.817597775	6.040865334	3.428235705	5.502458454	6.875892714	5.420463966	5.474137313	3.687519858	5.386117458	5.592543491	4.372238729	5.094528018	5.73057438226332	4.41712412625255	4.92703632902305	4.64970804781424	4.95767561927551	5.33405828541417	4.75993970019185	3.86360344469086	6.22140414431651	4.62656175688037	6.03755787572836	3.33915015258053	3.79574364966035	7.8237708045983	4.25978663351432	3.02082185246005	4.69147868888425	7.48356821384579	4.32663384714222	3.92896060299246	4.94945489506642	7.16212424155411	6.07929422390894	4.46310998279014	5.41065014179868	3.62617717160736	4.91380502171694	3.49957783465759	4.27130396930335	5.79165638747898	3.90670967111375	4.89602956688706	5.0360783814137	4.74734747625473	4.26002781713239	4.50233159627726	8.05510459996761	5.07368497637441	3.78104238137084	5.08235540989281	7.11697524268519	5.79046178213004	4.14676187640922	7.12547388123451	3.7997099584137	5.48776144265389	4.34266078843346	4.30167656421164	2.98937148425577	3.61999198100704	4.73234502397853	3.64593776466412	4.93017314478081	4.19141584277896	3.6667835764158	4.03787507491628	4.18176807779267	5.06564262184061	4.9129755596002	3.8427651595088	5.31556037926561	4.39686078840904	5.64641146074745	5.12432396609624	4.76473255779378	6.07341045936998	4.53043961559583	3.32274345958396	6.84655422236254	5.26326004137337	5.13731114287867	4.14504981843502	5.47515703693915	3.08502009086145	6.8902936405474	7.11674697412624	4.26631603340917	4.86093793104753	4.09068345863011	5.47390541893164	3.79831929986117	4.37616474278742	3.80904247188445	5.61802960749583	5.85490404385881	5.49434398698852	4.35162638199264	3.8872882937907	3.4132333525891	6.53921876165771	6.04603865319099	5.36875457326066	5.14153771034513	3.78818181046798	6.2771297850378	3.52819902669
NSUN7	7.291142285	7.913750427	6.508908128	6.495658801	7.153577928	8.360730958	8.124188263	6.332109938	7.081809777	6.194074132	7.64398078	7.995855004	7.539386183	6.15931804	7.705563844	6.556627442	7.368147173	7.634701249	6.07799014	6.395934645	7.039317311	7.086253533	6.730241194	6.050687487	6.652729711	6.302015024	6.461956509	4.633433916	7.144082985	7.665226774	6.871132454	6.477246062	8.380994887	7.430623585	5.944259625	8.147534073	7.037271182	7.058107315	7.233306399	8.004736677	6.881064993	7.530920677	6.825563189	7.080395601	7.811435837	7.192452311	7.359359244	6.230385778	7.258551614	6.841672277	8.14678333	6.146786296	7.749782026	6.112768624	7.069143684	7.330584473	7.365278825	6.305411152	7.475014151	7.83583843	7.627808836	6.936292628	4.737118351	6.015165369	5.751847486	7.343495645	8.043215779	5.809009509	6.477192287	7.420138114	5.338478799	4.721387647	7.055334515	8.616317842	8.260324913	7.018087213	6.462397118	8.029909863	7.41427105	6.957051225	7.925510893	6.841870118	7.37656434	7.715013114	7.296012704	6.796452854	7.19155694	7.341749364	7.824438275	6.956677306	6.788331167	6.190412344	7.601281095	7.717219262	6.285484946	6.80912501	7.57355658538349	6.70963297586656	6.72725589309913	6.30058268576363	4.92029170892986	5.76783984518229	7.51046430018323	7.40424529228889	8.02717128878462	5.04881195117673	6.45969125711902	6.98336332979211	7.06508749762888	7.80298407922237	6.60292172408385	7.0364109985602	7.15613218920383	7.97242583549131	6.98373065083896	7.82231606122139	7.30240362833603	7.67394128119697	8.15057806026147	7.06127837429624	6.67387877894654	7.23354718379601	6.50994117604754	6.0402542352374	6.5394960208985	7.19165408227058	6.86971419915903	7.00892690847006	6.59338760070705	7.55938845544055	6.33882376374	7.67219304602312	7.83046420183455	7.57425219153885	7.00169585568569	7.02114584538807	6.04977308185402	6.76267321768578	6.76170379300643	6.17134641235674	6.50094090876689	6.18852067012178	5.17952757498693	5.66276568924507	7.24058152881852	7.41255189381785	7.16782748818746	7.92416262005552	7.64177956661569	6.20232856915373	7.50647667876239	5.0131249825965	6.91046493341058	7.94554098440916	6.90413144267922	5.38683576174901	7.49723278149063	6.93528852750448	7.3070751479313	7.34636161536745	6.84270078283744	7.84920449686479	6.65613605510047	6.95799236097803	8.41892301770527	8.27588104415592	9.47549639827879	6.44466084852692	6.52615518033806	8.33694009316123	7.60801594759246	6.56230337911602	6.34491172782601	7.24494480047766	7.3307683627822	5.91560164750858	7.46807910163096	7.36188558692548	7.35820567940645	6.70282752665978	8.29670270142872	9.00277188160584	7.83577949766807	7.29222507368366	6.74329261679295	6.34599639654913	6.33565262059533	7.96887492607407	6.59495280769186	6.62826299977257	6.5636264162667	7.63739834633002
TSHZ3	8.411369656	8.089892387	7.594133905	8.314355613	7.553850669	8.017320914	8.039055595	7.889649588	7.685464843	7.743842617	7.454242083	8.116623347	7.921012294	8.008944655	7.78383878	8.410683824	7.506764101	7.465574067	7.113575472	7.929272759	7.971919241	7.385522631	7.629282312	6.590595315	8.783984168	7.867370918	7.46119593	7.186002516	7.347072479	7.670940772	5.465214281	7.744969622	8.162161726	7.902098048	7.437928518	7.139264233	8.496226709	7.656322685	7.933867144	7.824641895	8.373757182	7.617432867	7.851507684	7.836755623	8.681317728	8.368210267	7.999285104	7.875821359	8.23249807	8.156668171	8.4001582	8.439969651	8.57485905	7.138680292	7.872848777	7.963196324	7.796182217	8.139649842	7.968813288	7.901834304	7.97860983	7.686375283	7.443558038	7.916659999	6.606476081	8.251070152	7.491232035	7.734889375	8.430385658	7.770279626	6.533559011	7.466717857	7.961447757	8.025680103	8.412936301	7.45420622	7.740060401	8.64313684	8.563754295	7.514493163	8.04140325	7.761104331	8.482085733	7.684489373	8.397810443	7.832743167	7.904927184	7.655405651	8.211327373	7.904498521	7.474132473	7.68967411	8.215785455	8.166524127	7.334549819	7.565620055	7.80015570634879	8.07732277358582	8.23403195855619	7.65918585025222	7.36112102258403	6.93095153622647	8.39085006614434	7.94119837444255	8.18749179772779	7.33914790606024	6.92111914716952	8.07828888147753	6.24948366355232	7.75997846658371	7.34165321749411	8.15267411127634	7.47235709877805	8.28524524723071	7.51420346845016	7.69501360277972	7.35547897486973	8.01655086387249	8.29538098879962	7.96175723750523	7.36598868750966	8.41462427246538	6.59325364625829	8.20673615530063	8.265608596676	7.71235665579243	7.85709147743645	8.212518401178	8.56390851390845	8.12909097767351	7.00447412899802	6.62097369209723	9.24123356454439	8.22394040364256	7.43929069833325	7.99877031626437	7.80250766297117	7.7570216125588	7.48796859918485	7.34187649677384	7.52091584709632	7.41421025118233	7.61477923615337	8.04242015429999	7.65513261396271	7.89320643704747	7.69323257464506	6.84130365898903	8.47709135456388	7.2268330448307	8.52497610262863	7.37016138735024	7.74825121783014	7.92105994776981	7.28497676611176	7.32388876311699	7.81531815755216	8.00052654156455	7.58195065819965	8.11484461759583	7.74148028705103	7.53419763334132	7.91309243703068	7.70179647730406	9.24385368865197	8.14658702263589	8.4268235266082	7.80432735691956	8.39440309293783	8.8665848137534	8.16244723494016	8.54233251612218	7.01532248129295	8.06657835812852	7.72628194152295	8.40581003262518	7.56576849430132	8.26611842890587	7.61661269189489	8.13303615845405	8.65197131589618	8.13040363191073	8.13953903353724	7.4959375499029	8.0709919891774	8.10593238328309	7.43899748008482	8.41473158640182	7.76462352803442	7.38299731519072	7.70547338434421	8.04795979527346
